1.678571428571428612e+02
1.690000000000000000e+02
1.687142857142857224e+02
1.678571428571428612e+02
1.682857142857142776e+02
1.691428571428571388e+02
1.697142857142857224e+02
1.697142857142857224e+02
1.690000000000000000e+02
1.688571428571428612e+02
1.698571428571428612e+02
1.708571428571428612e+02
1.712857142857142776e+02
1.710000000000000000e+02
1.711428571428571388e+02
1.715714285714285836e+02
1.714285714285714164e+02
1.717142857142857224e+02
1.721428571428571388e+02
1.714285714285714164e+02
1.718571428571428612e+02
1.732857142857142776e+02
1.738571428571428612e+02
1.737142857142857224e+02
1.734285714285714164e+02
1.734285714285714164e+02
1.738571428571428612e+02
1.737142857142857224e+02
1.732857142857142776e+02
1.730000000000000000e+02
1.740000000000000000e+02
1.750000000000000000e+02
1.750000000000000000e+02
1.752857142857142776e+02
1.755714285714285836e+02
1.744285714285714164e+02
1.727142857142857224e+02
1.725714285714285836e+02
1.732857142857142776e+02
1.731428571428571388e+02
1.728571428571428612e+02
1.728571428571428612e+02
1.727142857142857224e+02
1.734285714285714164e+02
1.744285714285714164e+02
1.745714285714285836e+02
1.745714285714285836e+02
1.747142857142857224e+02
1.757142857142857224e+02
1.764285714285714164e+02
1.761428571428571388e+02
1.751428571428571388e+02
1.757142857142857224e+02
1.768571428571428612e+02
1.770000000000000000e+02
1.774285714285714164e+02
1.792857142857142776e+02
1.820000000000000000e+02
1.864285714285714164e+02
1.762857142857142776e+02
1.285714285714285836e+02
6.400000000000000000e+01
2.285714285714285765e+01
1.242857142857142883e+01
1.371428571428571352e+01
1.457142857142857117e+01
1.471428571428571352e+01
1.500000000000000000e+01
1.542857142857142883e+01
1.628571428571428470e+01
1.585714285714285765e+01
1.542857142857142883e+01
1.542857142857142883e+01
1.557142857142857117e+01
1.542857142857142883e+01
1.642857142857142705e+01
1.785714285714285765e+01
1.800000000000000000e+01
1.771428571428571530e+01
1.742857142857142705e+01
1.785714285714285765e+01
1.757142857142857295e+01
1.657142857142857295e+01
1.500000000000000000e+01
1.371428571428571352e+01
1.271428571428571352e+01
1.228571428571428648e+01
1.142857142857142883e+01
1.071428571428571352e+01
1.071428571428571352e+01
1.071428571428571352e+01
1.128571428571428648e+01
1.285714285714285765e+01
1.385714285714285765e+01
1.428571428571428648e+01
1.314285714285714235e+01
1.142857142857142883e+01
9.857142857142857650e+00
1.014285714285714235e+01
1.085714285714285765e+01
1.071428571428571352e+01
1.057142857142857117e+01
1.057142857142857117e+01
1.085714285714285765e+01
1.185714285714285765e+01
1.242857142857142883e+01
1.300000000000000000e+01
1.371428571428571352e+01
1.400000000000000000e+01
1.342857142857142883e+01
1.285714285714285765e+01
1.257142857142857117e+01
1.300000000000000000e+01
1.328571428571428648e+01
1.342857142857142883e+01
1.357142857142857117e+01
1.357142857142857117e+01
1.342857142857142883e+01
1.328571428571428648e+01
1.271428571428571352e+01
1.285714285714285765e+01
1.357142857142857117e+01
1.442857142857142883e+01
1.500000000000000000e+01
1.500000000000000000e+01
1.457142857142857117e+01
1.500000000000000000e+01
1.671428571428571530e+01
1.714285714285714235e+01
1.657142857142857295e+01
1.528571428571428648e+01
1.471428571428571352e+01
2.028571428571428470e+01
2.885714285714285765e+01
2.828571428571428470e+01
2.071428571428571530e+01
1.457142857142857117e+01
1.300000000000000000e+01
1.328571428571428648e+01
1.457142857142857117e+01
1.500000000000000000e+01
1.442857142857142883e+01
1.414285714285714235e+01
1.457142857142857117e+01
1.485714285714285765e+01
1.400000000000000000e+01
1.285714285714285765e+01
1.157142857142857117e+01
1.042857142857142883e+01
9.571428571428571175e+00
9.285714285714286476e+00
9.571428571428571175e+00
1.100000000000000000e+01
1.171428571428571352e+01
1.142857142857142883e+01
1.100000000000000000e+01
1.128571428571428648e+01
1.157142857142857117e+01
1.171428571428571352e+01
1.157142857142857117e+01
1.142857142857142883e+01
1.185714285714285765e+01
1.271428571428571352e+01
1.300000000000000000e+01
1.300000000000000000e+01
1.185714285714285765e+01
1.057142857142857117e+01
1.000000000000000000e+01
9.571428571428571175e+00
9.714285714285713524e+00
9.714285714285713524e+00
9.142857142857142350e+00
8.857142857142857650e+00
9.142857142857142350e+00
9.285714285714286476e+00
8.000000000000000000e+00
7.571428571428571175e+00
8.428571428571428825e+00
1.428571428571428648e+01
1.742857142857142705e+01
1.328571428571428648e+01
9.714285714285713524e+00
8.571428571428571175e+00
8.857142857142857650e+00
9.285714285714286476e+00
9.714285714285713524e+00
1.085714285714285765e+01
1.185714285714285765e+01
1.200000000000000000e+01
1.242857142857142883e+01
1.314285714285714235e+01
1.371428571428571352e+01
1.457142857142857117e+01
1.457142857142857117e+01
1.471428571428571352e+01
1.485714285714285765e+01
1.500000000000000000e+01
1.514285714285714235e+01
1.500000000000000000e+01
1.528571428571428648e+01
1.485714285714285765e+01
1.471428571428571352e+01
1.414285714285714235e+01
1.371428571428571352e+01
1.314285714285714235e+01
1.271428571428571352e+01
1.314285714285714235e+01
1.357142857142857117e+01
1.428571428571428648e+01
1.457142857142857117e+01
1.428571428571428648e+01
1.442857142857142883e+01
1.442857142857142883e+01
1.471428571428571352e+01
1.457142857142857117e+01
1.471428571428571352e+01
1.485714285714285765e+01
1.485714285714285765e+01
1.500000000000000000e+01
1.457142857142857117e+01
1.442857142857142883e+01
1.442857142857142883e+01
1.457142857142857117e+01
1.414285714285714235e+01
1.342857142857142883e+01
1.342857142857142883e+01
1.371428571428571352e+01
1.357142857142857117e+01
1.300000000000000000e+01
1.300000000000000000e+01
1.342857142857142883e+01
1.357142857142857117e+01
1.271428571428571352e+01
1.285714285714285765e+01
1.385714285714285765e+01
1.342857142857142883e+01
1.328571428571428648e+01
1.457142857142857117e+01
2.042857142857142705e+01
3.514285714285714590e+01
5.942857142857143060e+01
8.628571428571429180e+01
1.081428571428571388e+02
1.185714285714285694e+02
1.205714285714285694e+02
1.262857142857142918e+02
1.381428571428571388e+02
1.531428571428571388e+02
1.664285714285714164e+02
1.744285714285714164e+02
1.742857142857142776e+02
1.622857142857142776e+02
1.380000000000000000e+02
1.062857142857142918e+02
7.657142857142856940e+01
5.285714285714285410e+01
3.542857142857143060e+01
2.585714285714285765e+01
2.571428571428571530e+01
3.385714285714285410e+01
4.814285714285714590e+01
6.371428571428571530e+01
7.528571428571429180e+01
8.285714285714286120e+01
9.157142857142856940e+01
1.065714285714285694e+02
1.234285714285714306e+02
1.352857142857142776e+02
1.400000000000000000e+02
1.418571428571428612e+02
1.397142857142857224e+02
1.315714285714285836e+02
1.192857142857142918e+02
1.027142857142857082e+02
7.942857142857143060e+01
5.242857142857143060e+01
2.971428571428571530e+01
1.542857142857142883e+01
9.571428571428571175e+00
7.428571428571428825e+00
7.428571428571428825e+00
9.857142857142857650e+00
2.057142857142857295e+01
4.257142857142856940e+01
7.271428571428570820e+01
9.657142857142856940e+01
1.110000000000000000e+02
1.088571428571428612e+02
9.385714285714286120e+01
6.742857142857143060e+01
4.528571428571428470e+01
3.828571428571428470e+01
4.971428571428571530e+01
7.185714285714286120e+01
9.571428571428570820e+01
1.162857142857142918e+02
1.317142857142857224e+02
1.430000000000000000e+02
1.482857142857142776e+02
1.440000000000000000e+02
1.211428571428571388e+02
8.542857142857143060e+01
5.714285714285714590e+01
5.914285714285714590e+01
9.100000000000000000e+01
1.338571428571428612e+02
1.670000000000000000e+02
1.780000000000000000e+02
1.692857142857142776e+02
1.522857142857142776e+02
1.384285714285714164e+02
1.331428571428571388e+02
1.310000000000000000e+02
1.308571428571428612e+02
1.301428571428571388e+02
1.302857142857142776e+02
1.315714285714285836e+02
1.331428571428571388e+02
1.340000000000000000e+02
1.340000000000000000e+02
1.340000000000000000e+02
1.322857142857142776e+02
1.275714285714285694e+02
1.165714285714285694e+02
1.038571428571428612e+02
9.185714285714286120e+01
8.271428571428570820e+01
7.628571428571429180e+01
7.385714285714286120e+01
7.400000000000000000e+01
7.700000000000000000e+01
8.614285714285713880e+01
1.030000000000000000e+02
1.252857142857142918e+02
1.478571428571428612e+02
1.684285714285714164e+02
1.847142857142857224e+02
1.970000000000000000e+02
2.044285714285714164e+02
2.071428571428571388e+02
2.028571428571428612e+02
1.937142857142857224e+02
1.807142857142857224e+02
1.642857142857142776e+02
1.455714285714285836e+02
1.301428571428571388e+02
1.237142857142857082e+02
1.272857142857142918e+02
1.332857142857142776e+02
1.361428571428571388e+02
1.364285714285714164e+02
